{
 "cells": [
  {
   "cell_type": "code",
   "execution_count": 44,
   "metadata": {},
   "outputs": [
    {
     "data": {
      "text/html": [
       "<div>\n",
       "<style scoped>\n",
       "    .dataframe tbody tr th:only-of-type {\n",
       "        vertical-align: middle;\n",
       "    }\n",
       "\n",
       "    .dataframe tbody tr th {\n",
       "        vertical-align: top;\n",
       "    }\n",
       "\n",
       "    .dataframe thead th {\n",
       "        text-align: right;\n",
       "    }\n",
       "</style>\n",
       "<table border=\"1\" class=\"dataframe\">\n",
       "  <thead>\n",
       "    <tr style=\"text-align: right;\">\n",
       "      <th></th>\n",
       "      <th>VAP</th>\n",
       "      <th>VSL</th>\n",
       "      <th>VCL</th>\n",
       "      <th>ALH</th>\n",
       "      <th>BCF</th>\n",
       "      <th>STR</th>\n",
       "      <th>LIN</th>\n",
       "      <th>BLAST_D8</th>\n",
       "    </tr>\n",
       "  </thead>\n",
       "  <tbody>\n",
       "    <tr>\n",
       "      <th>0</th>\n",
       "      <td>112.2</td>\n",
       "      <td>94.5</td>\n",
       "      <td>212.3</td>\n",
       "      <td>9.0</td>\n",
       "      <td>34.2</td>\n",
       "      <td>82</td>\n",
       "      <td>44</td>\n",
       "      <td>33.333</td>\n",
       "    </tr>\n",
       "    <tr>\n",
       "      <th>1</th>\n",
       "      <td>123.7</td>\n",
       "      <td>103.7</td>\n",
       "      <td>218.5</td>\n",
       "      <td>9.4</td>\n",
       "      <td>29.8</td>\n",
       "      <td>82</td>\n",
       "      <td>48</td>\n",
       "      <td>16.049</td>\n",
       "    </tr>\n",
       "    <tr>\n",
       "      <th>2</th>\n",
       "      <td>96.4</td>\n",
       "      <td>81.1</td>\n",
       "      <td>181.9</td>\n",
       "      <td>8.2</td>\n",
       "      <td>28.4</td>\n",
       "      <td>82</td>\n",
       "      <td>47</td>\n",
       "      <td>20.253</td>\n",
       "    </tr>\n",
       "    <tr>\n",
       "      <th>3</th>\n",
       "      <td>55.5</td>\n",
       "      <td>48.8</td>\n",
       "      <td>84.8</td>\n",
       "      <td>6.5</td>\n",
       "      <td>29.9</td>\n",
       "      <td>90</td>\n",
       "      <td>69</td>\n",
       "      <td>27.027</td>\n",
       "    </tr>\n",
       "    <tr>\n",
       "      <th>4</th>\n",
       "      <td>104.5</td>\n",
       "      <td>92.1</td>\n",
       "      <td>181.4</td>\n",
       "      <td>6.8</td>\n",
       "      <td>40.1</td>\n",
       "      <td>86</td>\n",
       "      <td>51</td>\n",
       "      <td>39.024</td>\n",
       "    </tr>\n",
       "  </tbody>\n",
       "</table>\n",
       "</div>"
      ],
      "text/plain": [
       "     VAP    VSL    VCL  ALH   BCF  STR  LIN BLAST_D8\n",
       "0  112.2   94.5  212.3  9.0  34.2   82   44   33.333\n",
       "1  123.7  103.7  218.5  9.4  29.8   82   48   16.049\n",
       "2   96.4   81.1  181.9  8.2  28.4   82   47   20.253\n",
       "3   55.5   48.8   84.8  6.5  29.9   90   69   27.027\n",
       "4  104.5   92.1  181.4  6.8  40.1   86   51   39.024"
      ]
     },
     "execution_count": 44,
     "metadata": {},
     "output_type": "execute_result"
    }
   ],
   "source": [
    "import numpy as np\n",
    "import pandas as pd\n",
    "import matplotlib.pyplot as plt\n",
    "from sklearn import preprocessing\n",
    "\n",
    "df = pd.read_csv('motility_features.csv')\n",
    "\n",
    "# converts valid date entries to date, changes non-valid entries (. and nan) to NaT\n",
    "#df[\"DATE\"] = pd.to_datetime(df[\"DATE\"], infer_datetime_format=True, errors='coerce')\n",
    "\n",
    "df.head()"
   ]
  },
  {
   "cell_type": "code",
   "execution_count": 47,
   "metadata": {},
   "outputs": [
    {
     "name": "stderr",
     "output_type": "stream",
     "text": [
      "C:\\Users\\benho\\Anaconda3\\lib\\site-packages\\sklearn\\preprocessing\\data.py:323: DataConversionWarning: Data with input dtype int64, float64, object were all converted to float64 by MinMaxScaler.\n",
      "  return self.partial_fit(X, y)\n"
     ]
    }
   ],
   "source": [
    "df = df.replace(\"-\", 0)\n",
    "# Create a minimum and maximum processor object\n",
    "min_max_scaler = preprocessing.MinMaxScaler()\n",
    "\n",
    "# Create an object to transform the data to fit minmax processor\n",
    "x_scaled = min_max_scaler.fit_transform(df)\n",
    "\n",
    "# Run the normalizer on the dataframe\n",
    "df_normalized = pd.DataFrame(x_scaled)"
   ]
  },
  {
   "cell_type": "code",
   "execution_count": 45,
   "metadata": {},
   "outputs": [
    {
     "data": {
      "text/html": [
       "<div>\n",
       "<style scoped>\n",
       "    .dataframe tbody tr th:only-of-type {\n",
       "        vertical-align: middle;\n",
       "    }\n",
       "\n",
       "    .dataframe tbody tr th {\n",
       "        vertical-align: top;\n",
       "    }\n",
       "\n",
       "    .dataframe thead th {\n",
       "        text-align: right;\n",
       "    }\n",
       "</style>\n",
       "<table border=\"1\" class=\"dataframe\">\n",
       "  <thead>\n",
       "    <tr style=\"text-align: right;\">\n",
       "      <th></th>\n",
       "      <th>VAP</th>\n",
       "      <th>VSL</th>\n",
       "      <th>VCL</th>\n",
       "      <th>ALH</th>\n",
       "      <th>BCF</th>\n",
       "      <th>STR</th>\n",
       "      <th>LIN</th>\n",
       "    </tr>\n",
       "  </thead>\n",
       "  <tbody>\n",
       "    <tr>\n",
       "      <th>VAP</th>\n",
       "      <td>298.556027</td>\n",
       "      <td>293.060750</td>\n",
       "      <td>368.402134</td>\n",
       "      <td>-1.947169</td>\n",
       "      <td>12.805793</td>\n",
       "      <td>25.860796</td>\n",
       "      <td>38.712118</td>\n",
       "    </tr>\n",
       "    <tr>\n",
       "      <th>VSL</th>\n",
       "      <td>293.060750</td>\n",
       "      <td>318.529902</td>\n",
       "      <td>280.596996</td>\n",
       "      <td>-8.905841</td>\n",
       "      <td>29.391008</td>\n",
       "      <td>55.198924</td>\n",
       "      <td>77.814155</td>\n",
       "    </tr>\n",
       "    <tr>\n",
       "      <th>VCL</th>\n",
       "      <td>368.402134</td>\n",
       "      <td>280.596996</td>\n",
       "      <td>803.867049</td>\n",
       "      <td>22.859650</td>\n",
       "      <td>-30.965716</td>\n",
       "      <td>-46.926532</td>\n",
       "      <td>-99.416756</td>\n",
       "    </tr>\n",
       "    <tr>\n",
       "      <th>ALH</th>\n",
       "      <td>-1.947169</td>\n",
       "      <td>-8.905841</td>\n",
       "      <td>22.859650</td>\n",
       "      <td>19.596660</td>\n",
       "      <td>-6.208647</td>\n",
       "      <td>-7.213064</td>\n",
       "      <td>-10.710836</td>\n",
       "    </tr>\n",
       "    <tr>\n",
       "      <th>BCF</th>\n",
       "      <td>12.805793</td>\n",
       "      <td>29.391008</td>\n",
       "      <td>-30.965716</td>\n",
       "      <td>-6.208647</td>\n",
       "      <td>25.674933</td>\n",
       "      <td>19.113720</td>\n",
       "      <td>25.849657</td>\n",
       "    </tr>\n",
       "    <tr>\n",
       "      <th>STR</th>\n",
       "      <td>25.860796</td>\n",
       "      <td>55.198924</td>\n",
       "      <td>-46.926532</td>\n",
       "      <td>-7.213064</td>\n",
       "      <td>19.113720</td>\n",
       "      <td>33.105960</td>\n",
       "      <td>45.034045</td>\n",
       "    </tr>\n",
       "    <tr>\n",
       "      <th>LIN</th>\n",
       "      <td>38.712118</td>\n",
       "      <td>77.814155</td>\n",
       "      <td>-99.416756</td>\n",
       "      <td>-10.710836</td>\n",
       "      <td>25.849657</td>\n",
       "      <td>45.034045</td>\n",
       "      <td>77.292526</td>\n",
       "    </tr>\n",
       "  </tbody>\n",
       "</table>\n",
       "</div>"
      ],
      "text/plain": [
       "            VAP         VSL         VCL        ALH        BCF        STR  \\\n",
       "VAP  298.556027  293.060750  368.402134  -1.947169  12.805793  25.860796   \n",
       "VSL  293.060750  318.529902  280.596996  -8.905841  29.391008  55.198924   \n",
       "VCL  368.402134  280.596996  803.867049  22.859650 -30.965716 -46.926532   \n",
       "ALH   -1.947169   -8.905841   22.859650  19.596660  -6.208647  -7.213064   \n",
       "BCF   12.805793   29.391008  -30.965716  -6.208647  25.674933  19.113720   \n",
       "STR   25.860796   55.198924  -46.926532  -7.213064  19.113720  33.105960   \n",
       "LIN   38.712118   77.814155  -99.416756 -10.710836  25.849657  45.034045   \n",
       "\n",
       "           LIN  \n",
       "VAP  38.712118  \n",
       "VSL  77.814155  \n",
       "VCL -99.416756  \n",
       "ALH -10.710836  \n",
       "BCF  25.849657  \n",
       "STR  45.034045  \n",
       "LIN  77.292526  "
      ]
     },
     "execution_count": 45,
     "metadata": {},
     "output_type": "execute_result"
    }
   ],
   "source": [
    "df.cov()"
   ]
  },
  {
   "cell_type": "code",
   "execution_count": 46,
   "metadata": {},
   "outputs": [
    {
     "data": {
      "text/html": [
       "<div>\n",
       "<style scoped>\n",
       "    .dataframe tbody tr th:only-of-type {\n",
       "        vertical-align: middle;\n",
       "    }\n",
       "\n",
       "    .dataframe tbody tr th {\n",
       "        vertical-align: top;\n",
       "    }\n",
       "\n",
       "    .dataframe thead th {\n",
       "        text-align: right;\n",
       "    }\n",
       "</style>\n",
       "<table border=\"1\" class=\"dataframe\">\n",
       "  <thead>\n",
       "    <tr style=\"text-align: right;\">\n",
       "      <th></th>\n",
       "      <th>0</th>\n",
       "      <th>1</th>\n",
       "      <th>2</th>\n",
       "      <th>3</th>\n",
       "      <th>4</th>\n",
       "      <th>5</th>\n",
       "      <th>6</th>\n",
       "      <th>7</th>\n",
       "    </tr>\n",
       "  </thead>\n",
       "  <tbody>\n",
       "    <tr>\n",
       "      <th>0</th>\n",
       "      <td>0.033645</td>\n",
       "      <td>0.036472</td>\n",
       "      <td>0.025150</td>\n",
       "      <td>-0.000371</td>\n",
       "      <td>0.005091</td>\n",
       "      <td>0.009151</td>\n",
       "      <td>0.008934</td>\n",
       "      <td>-0.002678</td>\n",
       "    </tr>\n",
       "    <tr>\n",
       "      <th>1</th>\n",
       "      <td>0.036472</td>\n",
       "      <td>0.043778</td>\n",
       "      <td>0.021155</td>\n",
       "      <td>-0.001874</td>\n",
       "      <td>0.012905</td>\n",
       "      <td>0.021571</td>\n",
       "      <td>0.019831</td>\n",
       "      <td>-0.000920</td>\n",
       "    </tr>\n",
       "    <tr>\n",
       "      <th>2</th>\n",
       "      <td>0.025150</td>\n",
       "      <td>0.021155</td>\n",
       "      <td>0.033245</td>\n",
       "      <td>0.002639</td>\n",
       "      <td>-0.007458</td>\n",
       "      <td>-0.010059</td>\n",
       "      <td>-0.013899</td>\n",
       "      <td>-0.004241</td>\n",
       "    </tr>\n",
       "    <tr>\n",
       "      <th>3</th>\n",
       "      <td>-0.000371</td>\n",
       "      <td>-0.001874</td>\n",
       "      <td>0.002639</td>\n",
       "      <td>0.006316</td>\n",
       "      <td>-0.004175</td>\n",
       "      <td>-0.004317</td>\n",
       "      <td>-0.004180</td>\n",
       "      <td>-0.001839</td>\n",
       "    </tr>\n",
       "    <tr>\n",
       "      <th>4</th>\n",
       "      <td>0.005091</td>\n",
       "      <td>0.012905</td>\n",
       "      <td>-0.007458</td>\n",
       "      <td>-0.004175</td>\n",
       "      <td>0.036015</td>\n",
       "      <td>0.023862</td>\n",
       "      <td>0.021047</td>\n",
       "      <td>0.001021</td>\n",
       "    </tr>\n",
       "    <tr>\n",
       "      <th>5</th>\n",
       "      <td>0.009151</td>\n",
       "      <td>0.021571</td>\n",
       "      <td>-0.010059</td>\n",
       "      <td>-0.004317</td>\n",
       "      <td>0.023862</td>\n",
       "      <td>0.036784</td>\n",
       "      <td>0.032633</td>\n",
       "      <td>0.004201</td>\n",
       "    </tr>\n",
       "    <tr>\n",
       "      <th>6</th>\n",
       "      <td>0.008934</td>\n",
       "      <td>0.019831</td>\n",
       "      <td>-0.013899</td>\n",
       "      <td>-0.004180</td>\n",
       "      <td>0.021047</td>\n",
       "      <td>0.032633</td>\n",
       "      <td>0.036528</td>\n",
       "      <td>0.002366</td>\n",
       "    </tr>\n",
       "    <tr>\n",
       "      <th>7</th>\n",
       "      <td>-0.002678</td>\n",
       "      <td>-0.000920</td>\n",
       "      <td>-0.004241</td>\n",
       "      <td>-0.001839</td>\n",
       "      <td>0.001021</td>\n",
       "      <td>0.004201</td>\n",
       "      <td>0.002366</td>\n",
       "      <td>0.042933</td>\n",
       "    </tr>\n",
       "  </tbody>\n",
       "</table>\n",
       "</div>"
      ],
      "text/plain": [
       "          0         1         2         3         4         5         6  \\\n",
       "0  0.033645  0.036472  0.025150 -0.000371  0.005091  0.009151  0.008934   \n",
       "1  0.036472  0.043778  0.021155 -0.001874  0.012905  0.021571  0.019831   \n",
       "2  0.025150  0.021155  0.033245  0.002639 -0.007458 -0.010059 -0.013899   \n",
       "3 -0.000371 -0.001874  0.002639  0.006316 -0.004175 -0.004317 -0.004180   \n",
       "4  0.005091  0.012905 -0.007458 -0.004175  0.036015  0.023862  0.021047   \n",
       "5  0.009151  0.021571 -0.010059 -0.004317  0.023862  0.036784  0.032633   \n",
       "6  0.008934  0.019831 -0.013899 -0.004180  0.021047  0.032633  0.036528   \n",
       "7 -0.002678 -0.000920 -0.004241 -0.001839  0.001021  0.004201  0.002366   \n",
       "\n",
       "          7  \n",
       "0 -0.002678  \n",
       "1 -0.000920  \n",
       "2 -0.004241  \n",
       "3 -0.001839  \n",
       "4  0.001021  \n",
       "5  0.004201  \n",
       "6  0.002366  \n",
       "7  0.042933  "
      ]
     },
     "execution_count": 46,
     "metadata": {},
     "output_type": "execute_result"
    }
   ],
   "source": [
    "df_normalized.cov()"
   ]
  },
  {
   "cell_type": "code",
   "execution_count": null,
   "metadata": {},
   "outputs": [],
   "source": []
  }
 ],
 "metadata": {
  "kernelspec": {
   "display_name": "Python 3",
   "language": "python",
   "name": "python3"
  },
  "language_info": {
   "codemirror_mode": {
    "name": "ipython",
    "version": 3
   },
   "file_extension": ".py",
   "mimetype": "text/x-python",
   "name": "python",
   "nbconvert_exporter": "python",
   "pygments_lexer": "ipython3",
   "version": "3.7.1"
  }
 },
 "nbformat": 4,
 "nbformat_minor": 2
}
